[header]
width=20
height=20

[layer]
data=
114,114,0,0,0,0,114,114,0,0,0,0,0,114,114,114,114,114,0,0,0,0,
0,0,114,114,114,0,0,0,0,0,0,0,114,114,0,0,0,0,114,114,114,0,
114,114,0,0,0,0,0,0,114,114,114,0,0,0,0,114,114,0,0,0,0,114,114,
0,0,0,0,0,114,114,114,0,0,36,36,0,0,0,36,0,0,36,34,35,36,
36,0,0,0,0,0,0,0,,114,0,0,0,0,0,36,36,34,34,35,0,0,0,
35,0,0,0,0,0,35,36,0,0,0,0,0,35,34,36,36,0,0,0,0,0,
0,0,34,36,35,0,0,0,,0,0,0,36,36,34,36,0,0,0,0,114,114,114,
0,35,0,0,0,0,34,35,35,36,35,36,0,0,0,0,0,0,0,0,0,0,
0,0,0,0,0,0,0,0,0,0,36,0,0,0,0,0,35,34,34,36,36,0,
36,36,36,0,0,114,114,0,0,0,,0,0,0,36,36,0,0,0,0,0,0,
35,0,0,0,0,0,34,0,36,0,0,0,0,0,0,36,36,0,36,0,0,0,
0,0,114,36,34,35,0,0,0,36,36,0,0,0,0,0,0,0,0,0,0,0,
0,0,0,0,0,34,36,0,0,0,0,0,0,0,0,0,0,0,0,0,0,0,
34,0,0,0,0,0,0,0,0,36,36,36,36,36,114,114,36,0,0,0,0,0,
35,114,34,36,114,114,36,0,0,0,34,35,34,35,0,0,0,0,0,0,0,0,
35,0,0,0,0,0,0,0,0,0,0,0,0,0,0,0,0,35,0,0,0,0,
0,0,0,0,0,0,0,0,0,0,0,0,0,0,0,0,0,0,0,0,0,0,
0,0,0,0,0,0,0,0,0,0,0,0,0,0,0,0,0,0,0,0,0,0,
0,0,0,0,0,0,0,0,0,0,0,0,0,0,0,0,0,0,0,0,0,0,

